955002056 許文馨 88 92 88 98 91
962001044 凌宗廷 87 86 98 88 87
962001051 李威廷 81 32 50 90 93
965002038 蘇亨玠 95 89 93 81 83
965002044 商揚夏 85 86 80 81 88
966002031 陳建豪 91 95 85 83 90
975002021 楊祺賢 81 97 90 82 84
975002026 楊永成 85 90 82 93 85
975002039 許琇筑 97 84 87 99 89
975002069 練俊民 99 81 84 91 95
975002070 楊宗穎 93 93 97 96 94
975002501 張廷瑄 80 86 98 94 87
985002001 蔡立雯 93 88 93 84 94
985002002 林芯妤 99 81 91 92 95
985002003 呂映萱 83 89 94 97 80
985002004 朱燕雲 95 85 84 93 99
985002005 謝玉茹 86 90 81 91 90
985002006 楊佳蓉 82 88 85 89 92
985002007 張菀倫 93 82 81 93 86
985002008 容家駒 96 92 93 84 94
985002009 呂哲光 81 83 86 82 90
985002010 楊君山 96 95 91 86 96
985002011 陳柏蒼 92 88 90 99 88
985002012 史易秦 94 80 84 86 86
985002014 王祉鈞 99 89 81 83 87
985002015 許貴松 86 96 95 94 95
985002016 王　淳 97 96 89 85 80
985002017 余智安 95 81 96 89 89
985002018 周信彰 94 84 86 95 90
985002020 曾則瑜 90 92 92 91 95
985002021 陳柏彰 81 81 93 96 98
985002022 高嘉靖 88 91 85 91 94
985002024 魏秀龍 85 84 92 92 80
985002025 彭康瑋 89 89 97 80 89
985002026 葉民凱 82 95 87 95 80
985002027 張軒滄 99 94 91 83 99
985002028 許哲浩 99 82 88 95 94
985002029 張瑞麟 91 80 91 97 89
985002030 朱啟文 84 93 96 82 85
985002031 陳冠宇 94 87 80 99 92
985002032 陳大慶 91 86 81 84 91
985002033 林宗瑋 90 88 97 91 94
985002036 陳健新 99 99 96 83 87
985002037 張峻寧 89 87 94 83 89
985002038 吳德毅 99 87 86 96 89
985002039 曾裕庭 92 95 89 97 92
985002040 邢豪森 96 88 96 88 88
985002201 蘇  亮 81 91 85 84 90
985002501 林佩穎 93 83 94 91 89
985002503 許佳華 94 92 83 94 97
985002504 張婉庭 97 92 96 83 93
985002505 陳以理 92 81 95 91 82
985002506 施俊浩 84 93 95 84 85
985002507 李明遠 96 98 87 89 95
985002509 蔡宗衛 84 92 98 94 99
985002510 黃朝偉 91 97 82 98 81
985002511 余孟昕 85 82 83 87 85
985002512 鄭達群 87 83 96 85 89
985002513 黃靖崴 85 86 94 80 85
985002514 黃安磊 90 89 90 90 86
985002515 辜麟傑 98 96 98 98 91
986002026 闕裕柏 90 85 89 87 91
995002901 舒晨馨 82 90 85 84 93
